                          MNLogit Regression Results                          
==============================================================================
Dep. Variable:                 labels   No. Observations:                  127
Model:                        MNLogit   Df Residuals:                       47
Method:                           MLE   Df Model:                           75
Date:                Mon, 21 Nov 2022   Pseudo R-squ.:                  0.3673
Time:                        22:34:36   Log-Likelihood:                -138.13
converged:                       True   LL-Null:                       -218.31
Covariance Type:            nonrobust   LLR p-value:                 3.779e-08
=================================================================================================================
                                     labels=1       coef    std err          z      P>|z|      [0.025      0.975]
-----------------------------------------------------------------------------------------------------------------
const                                            -3.2316      3.172     -1.019      0.308      -9.449       2.986
average_temperature_celsius                       6.1021      2.831      2.155      0.031       0.553      11.651
comorbidity_mortality_rate                       -1.4832      2.268     -0.654      0.513      -5.928       2.962
average_new_fully_vaccinated_per_day_per_1000   -24.0868     24.260     -0.993      0.321     -71.636      23.462
average_new_vaccinated_per_day_per_1000          17.9906     25.736      0.699      0.485     -32.452      68.433
average_new_tested_per_day_per_1000              -9.2790      8.838     -1.050      0.294     -26.601       8.042
diabetes_prevalence                               2.5157      2.338      1.076      0.282      -2.066       7.098
gdp_per_capita_usd                                2.6532      4.928      0.538      0.590      -7.005      12.312
gdp_usd                                          -7.0609     11.408     -0.619      0.536     -29.421      15.299
human_capital_index                               2.3810      2.145      1.110      0.267      -1.824       6.586
latitude                                         -1.6015      1.939     -0.826      0.409      -5.403       2.200
population_density                              -31.3714     41.194     -0.762      0.446    -112.111      49.368
smoking_prevalence                                0.3715      1.861      0.200      0.842      -3.277       4.019
total_cases_divided_by_population                 2.0024      3.163      0.633      0.527      -4.197       8.201
total_deaths_divided_by_population               -7.3156      3.600     -2.032      0.042     -14.372      -0.259
population                                       13.6336     26.328      0.518      0.605     -37.969      65.236
-----------------------------------------------------------------------------------------------------------------
                                     labels=2       coef    std err          z      P>|z|      [0.025      0.975]
-----------------------------------------------------------------------------------------------------------------
const                                             3.6435      2.377      1.533      0.125      -1.016       8.303
average_temperature_celsius                       1.4366      2.030      0.708      0.479      -2.543       5.416
comorbidity_mortality_rate                       -2.4435      2.625     -0.931      0.352      -7.587       2.700
average_new_fully_vaccinated_per_day_per_1000     6.8372     19.942      0.343      0.732     -32.249      45.923
average_new_vaccinated_per_day_per_1000          -8.7199     21.217     -0.411      0.681     -50.305      32.865
average_new_tested_per_day_per_1000              15.0211     58.732      0.256      0.798    -100.092     130.134
diabetes_prevalence                               0.6914      2.747      0.252      0.801      -4.693       6.076
gdp_per_capita_usd                             -155.8683     82.954     -1.879      0.060    -318.456       6.719
gdp_usd                                         -25.5989     22.975     -1.114      0.265     -70.629      19.431
human_capital_index                               5.7900      4.040      1.433      0.152      -2.128      13.708
latitude                                         -5.5138      2.532     -2.177      0.029     -10.477      -0.550
population_density                             -283.0703    160.285     -1.766      0.077    -597.222      31.082
smoking_prevalence                                3.7764      2.433      1.552      0.121      -0.992       8.544
total_cases_divided_by_population               -10.5740     13.864     -0.763      0.446     -37.747      16.599
total_deaths_divided_by_population                1.9618      5.543      0.354      0.723      -8.901      12.825
population                                       43.2860     23.970      1.806      0.071      -3.694      90.266
-----------------------------------------------------------------------------------------------------------------
                                     labels=3       coef    std err          z      P>|z|      [0.025      0.975]
-----------------------------------------------------------------------------------------------------------------
const                                            -1.0328      2.219     -0.466      0.642      -5.381       3.316
average_temperature_celsius                       4.0466      1.859      2.177      0.029       0.404       7.689
comorbidity_mortality_rate                       -1.3613      2.036     -0.669      0.504      -5.352       2.630
average_new_fully_vaccinated_per_day_per_1000    -7.4961     21.626     -0.347      0.729     -49.882      34.890
average_new_vaccinated_per_day_per_1000           8.7586     22.756      0.385      0.700     -35.843      53.360
average_new_tested_per_day_per_1000               3.7428      9.173      0.408      0.683     -14.235      21.721
diabetes_prevalence                              -0.0229      2.384     -0.010      0.992      -4.695       4.649
gdp_per_capita_usd                               14.3223      5.840      2.452      0.014       2.875      25.769
gdp_usd                                         -18.5518     16.521     -1.123      0.261     -50.933      13.829
human_capital_index                               3.8080      2.313      1.646      0.100      -0.726       8.342
latitude                                         -4.7424      1.888     -2.512      0.012      -8.443      -1.042
population_density                               -8.3097     10.568     -0.786      0.432     -29.022      12.403
smoking_prevalence                               -0.2494      1.896     -0.132      0.895      -3.966       3.467
total_cases_divided_by_population               -12.3857      4.500     -2.752      0.006     -21.205      -3.566
total_deaths_divided_by_population                2.6979      2.600      1.037      0.300      -2.399       7.794
population                                       34.5347     23.433      1.474      0.141     -11.392      80.462
-----------------------------------------------------------------------------------------------------------------
                                     labels=4       coef    std err          z      P>|z|      [0.025      0.975]
-----------------------------------------------------------------------------------------------------------------
const                                            -0.2671      2.581     -0.103      0.918      -5.326       4.792
average_temperature_celsius                       4.1998      2.189      1.918      0.055      -0.091       8.491
comorbidity_mortality_rate                       -4.4230      2.222     -1.990      0.047      -8.778      -0.068
average_new_fully_vaccinated_per_day_per_1000    -1.2110     21.034     -0.058      0.954     -42.436      40.015
average_new_vaccinated_per_day_per_1000          -1.6879     22.420     -0.075      0.940     -45.631      42.255
average_new_tested_per_day_per_1000             -31.1590     18.629     -1.673      0.094     -67.671       5.353
diabetes_prevalence                              -0.2186      2.368     -0.092      0.926      -4.860       4.423
gdp_per_capita_usd                                3.6922      7.525      0.491      0.624     -11.058      18.442
gdp_usd                                        -161.9971    102.151     -1.586      0.113    -362.210      38.216
human_capital_index                               2.7816      2.116      1.315      0.189      -1.365       6.928
latitude                                          1.4267      2.307      0.618      0.536      -3.095       5.948
population_density                               -2.9026     11.849     -0.245      0.806     -26.126      20.321
smoking_prevalence                                0.9970      1.937      0.515      0.607      -2.800       4.794
total_cases_divided_by_population                -0.7484      3.689     -0.203      0.839      -7.979       6.482
total_deaths_divided_by_population              -10.6847      4.944     -2.161      0.031     -20.376      -0.994
population                                       39.1843     28.080      1.395      0.163     -15.852      94.220
-----------------------------------------------------------------------------------------------------------------
                                     labels=5       coef    std err          z      P>|z|      [0.025      0.975]
-----------------------------------------------------------------------------------------------------------------
const                                             2.2177      1.998      1.110      0.267      -1.699       6.134
average_temperature_celsius                       1.7404      1.561      1.115      0.265      -1.319       4.799
comorbidity_mortality_rate                       -3.6681      2.064     -1.777      0.076      -7.713       0.377
average_new_fully_vaccinated_per_day_per_1000    10.9841     19.247      0.571      0.568     -26.740      48.708
average_new_vaccinated_per_day_per_1000         -12.5510     20.559     -0.610      0.542     -52.845      27.743
average_new_tested_per_day_per_1000             -11.7558     13.613     -0.864      0.388     -38.436      14.924
diabetes_prevalence                              -3.2518      2.436     -1.335      0.182      -8.027       1.524
gdp_per_capita_usd                                1.8394      6.079      0.303      0.762     -10.076      13.755
gdp_usd                                         -14.0092     14.797     -0.947      0.344     -43.012      14.993
human_capital_index                              -0.2933      1.894     -0.155      0.877      -4.005       3.418
latitude                                          0.4014      2.066      0.194      0.846      -3.647       4.450
population_density                                2.7497      7.395      0.372      0.710     -11.744      17.244
smoking_prevalence                                0.1899      1.954      0.097      0.923      -3.641       4.021
total_cases_divided_by_population                -5.0878      3.357     -1.516      0.130     -11.667       1.491
total_deaths_divided_by_population               -1.9597      3.078     -0.637      0.524      -7.992       4.072
population                                       34.1033     23.211      1.469      0.142     -11.390      79.596
=================================================================================================================
                                         Results: MNLogit
==================================================================================================
Model:                         MNLogit                     Pseudo R-squared:            0.367     
Dependent Variable:            labels                      AIC:                         436.2504  
Date:                          2022-11-21 22:34            BIC:                         663.7854  
No. Observations:              127                         Log-Likelihood:              -138.13   
Df Model:                      75                          LL-Null:                     -218.31   
Df Residuals:                  47                          LLR p-value:                 3.7788e-08
Converged:                     1.0000                      Scale:                       1.0000    
No. Iterations:                12.0000                                                            
--------------------------------------------------------------------------------------------------
                   labels = 0                    Coef.   Std.Err.    t    P>|t|    [0.025   0.975]
--------------------------------------------------------------------------------------------------
                                        const    -3.2316   3.1723 -1.0187 0.3084   -9.4492  2.9860
                  average_temperature_celsius     6.1021   2.8310  2.1555 0.0311    0.5535 11.6507
                   comorbidity_mortality_rate    -1.4832   2.2679 -0.6540 0.5131   -5.9282  2.9618
average_new_fully_vaccinated_per_day_per_1000   -24.0868  24.2601 -0.9929 0.3208  -71.6357 23.4622
      average_new_vaccinated_per_day_per_1000    17.9906  25.7362  0.6990 0.4845  -32.4515 68.4326
          average_new_tested_per_day_per_1000    -9.2790   8.8376 -1.0499 0.2937  -26.6005  8.0424
                          diabetes_prevalence     2.5157   2.3378  1.0761 0.2819   -2.0662  7.0976
                           gdp_per_capita_usd     2.6532   4.9279  0.5384 0.5903   -7.0052 12.3117
                                      gdp_usd    -7.0609  11.4082 -0.6189 0.5360  -29.4206 15.2988
                          human_capital_index     2.3810   2.1455  1.1098 0.2671   -1.8241  6.5861
                                     latitude    -1.6015   1.9394 -0.8258 0.4089   -5.4027  2.1997
                           population_density   -31.3714  41.1942 -0.7615 0.4463 -112.1106 49.3677
                           smoking_prevalence     0.3715   1.8613  0.1996 0.8418   -3.2766  4.0195
            total_cases_divided_by_population     2.0024   3.1629  0.6331 0.5267   -4.1967  8.2014
           total_deaths_divided_by_population    -7.3156   3.6003 -2.0320 0.0422  -14.3721 -0.2592
                                   population    13.6336  26.3282  0.5178 0.6046  -37.9688 65.2359
--------------------------------------------------------------------------------------------------
                  labels = 1                    Coef.   Std.Err.    t    P>|t|    [0.025   0.975] 
--------------------------------------------------------------------------------------------------
                                        const    3.6435   2.3773  1.5326 0.1254   -1.0159   8.3030
                  average_temperature_celsius    1.4366   2.0303  0.7076 0.4792   -2.5427   5.4159
                   comorbidity_mortality_rate   -2.4435   2.6245 -0.9310 0.3518   -7.5875   2.7005
average_new_fully_vaccinated_per_day_per_1000    6.8372  19.9422  0.3428 0.7317  -32.2489  45.9233
      average_new_vaccinated_per_day_per_1000   -8.7199  21.2172 -0.4110 0.6811  -50.3048  32.8650
          average_new_tested_per_day_per_1000   15.0211  58.7320  0.2558 0.7981 -100.0915 130.1337
                          diabetes_prevalence    0.6914   2.7472  0.2517 0.8013   -4.6929   6.0758
                           gdp_per_capita_usd -155.8683  82.9544 -1.8790 0.0602 -318.4559   6.7193
                                      gdp_usd  -25.5989  22.9751 -1.1142 0.2652  -70.6293  19.4315
                          human_capital_index    5.7900   4.0401  1.4331 0.1518   -2.1284  13.7084
                                     latitude   -5.5138   2.5325 -2.1772 0.0295  -10.4774  -0.5502
                           population_density -283.0703 160.2845 -1.7660 0.0774 -597.2223  31.0816
                           smoking_prevalence    3.7764   2.4326  1.5524 0.1206   -0.9915   8.5443
            total_cases_divided_by_population  -10.5740  13.8638 -0.7627 0.4456  -37.7465  16.5986
           total_deaths_divided_by_population    1.9618   5.5425  0.3540 0.7234   -8.9014  12.8250
                                   population   43.2860  23.9700  1.8058 0.0709   -3.6943  90.2663
--------------------------------------------------------------------------------------------------
                   labels = 2                     Coef.   Std.Err.    t    P>|t|   [0.025   0.975]
--------------------------------------------------------------------------------------------------
                                        const     -1.0328   2.2186 -0.4655 0.6416  -5.3811  3.3155
                  average_temperature_celsius      4.0466   1.8586  2.1772 0.0295   0.4037  7.6895
                   comorbidity_mortality_rate     -1.3613   2.0362 -0.6686 0.5038  -5.3521  2.6295
average_new_fully_vaccinated_per_day_per_1000     -7.4961  21.6259 -0.3466 0.7289 -49.8822 34.8899
      average_new_vaccinated_per_day_per_1000      8.7586  22.7562  0.3849 0.7003 -35.8426 53.3599
          average_new_tested_per_day_per_1000      3.7428   9.1728  0.4080 0.6832 -14.2355 21.7211
                          diabetes_prevalence     -0.0229   2.3838 -0.0096 0.9923  -4.6950  4.6492
                           gdp_per_capita_usd     14.3223   5.8404  2.4523 0.0142   2.8754 25.7693
                                      gdp_usd    -18.5518  16.5213 -1.1229 0.2615 -50.9330 13.8295
                          human_capital_index      3.8080   2.3133  1.6462 0.0997  -0.7259  8.3420
                                     latitude     -4.7424   1.8880 -2.5119 0.0120  -8.4428 -1.0420
                           population_density     -8.3097  10.5678 -0.7863 0.4317 -29.0223 12.4028
                           smoking_prevalence     -0.2494   1.8963 -0.1315 0.8954  -3.9661  3.4672
            total_cases_divided_by_population    -12.3857   4.4999 -2.7524 0.0059 -21.2054 -3.5660
           total_deaths_divided_by_population      2.6979   2.6004  1.0375 0.2995  -2.3988  7.7945
                                   population     34.5347  23.4326  1.4738 0.1405 -11.3923 80.4617
--------------------------------------------------------------------------------------------------
                  labels = 3                     Coef.   Std.Err.    t    P>|t|    [0.025   0.975]
--------------------------------------------------------------------------------------------------
                                        const    -0.2671   2.5813 -0.1035 0.9176   -5.3263  4.7922
                  average_temperature_celsius     4.1998   2.1894  1.9182 0.0551   -0.0913  8.4910
                   comorbidity_mortality_rate    -4.4230   2.2222 -1.9904 0.0465   -8.7784 -0.0676
average_new_fully_vaccinated_per_day_per_1000    -1.2110  21.0338 -0.0576 0.9541  -42.4364 40.0145
      average_new_vaccinated_per_day_per_1000    -1.6879  22.4202 -0.0753 0.9400  -45.6306 42.2549
          average_new_tested_per_day_per_1000   -31.1590  18.6288 -1.6726 0.0944  -67.6707  5.3528
                          diabetes_prevalence    -0.2186   2.3681 -0.0923 0.9264   -4.8601  4.4229
                           gdp_per_capita_usd     3.6922   7.5255  0.4906 0.6237  -11.0575 18.4419
                                      gdp_usd  -161.9971 102.1515 -1.5859 0.1128 -362.2103 38.2161
                          human_capital_index     2.7816   2.1155  1.3148 0.1886   -1.3649  6.9280
                                     latitude     1.4267   2.3069  0.6184 0.5363   -3.0948  5.9482
                           population_density    -2.9026  11.8490 -0.2450 0.8065  -26.1263 20.3211
                           smoking_prevalence     0.9970   1.9372  0.5147 0.6068   -2.7998  4.7938
            total_cases_divided_by_population    -0.7484   3.6892 -0.2029 0.8392   -7.9791  6.4822
           total_deaths_divided_by_population   -10.6847   4.9445 -2.1609 0.0307  -20.3757 -0.9938
                                   population    39.1843  28.0802  1.3954 0.1629  -15.8519 94.2205
--------------------------------------------------------------------------------------------------
                   labels = 4                     Coef.   Std.Err.    t    P>|t|   [0.025   0.975]
--------------------------------------------------------------------------------------------------
                                        const      2.2177   1.9982  1.1099 0.2671  -1.6987  6.1340
                  average_temperature_celsius      1.7404   1.5607  1.1152 0.2648  -1.3185  4.7994
                   comorbidity_mortality_rate     -3.6681   2.0639 -1.7772 0.0755  -7.7133  0.3772
average_new_fully_vaccinated_per_day_per_1000     10.9841  19.2474  0.5707 0.5682 -26.7401 48.7083
      average_new_vaccinated_per_day_per_1000    -12.5510  20.5587 -0.6105 0.5415 -52.8453 27.7433
          average_new_tested_per_day_per_1000    -11.7558  13.6125 -0.8636 0.3878 -38.4359 14.9242
                          diabetes_prevalence     -3.2518   2.4365 -1.3346 0.1820  -8.0272  1.5236
                           gdp_per_capita_usd      1.8394   6.0794  0.3026 0.7622 -10.0761 13.7549
                                      gdp_usd    -14.0092  14.7974 -0.9467 0.3438 -43.0117 14.9932
                          human_capital_index     -0.2933   1.8937 -0.1549 0.8769  -4.0049  3.4184
                                     latitude      0.4014   2.0658  0.1943 0.8459  -3.6474  4.4502
                           population_density      2.7497   7.3950  0.3718 0.7100 -11.7443 17.2437
                           smoking_prevalence      0.1899   1.9544  0.0972 0.9226  -3.6407  4.0206
            total_cases_divided_by_population     -5.0878   3.3568 -1.5157 0.1296 -11.6670  1.4914
           total_deaths_divided_by_population     -1.9597   3.0777 -0.6367 0.5243  -7.9919  4.0725
                                   population     34.1033  23.2112  1.4693 0.1418 -11.3899 79.5965
==================================================================================================

