                          MNLogit Regression Results                          
==============================================================================
Dep. Variable:                 labels   No. Observations:                  127
Model:                        MNLogit   Df Residuals:                       47
Method:                           MLE   Df Model:                           75
Date:                Thu, 24 Nov 2022   Pseudo R-squ.:                  0.5021
Time:                        21:54:59   Log-Likelihood:                -111.37
converged:                       True   LL-Null:                       -223.66
Covariance Type:            nonrobust   LLR p-value:                 7.681e-17
=================================================================================================================
                                     labels=1       coef    std err          z      P>|z|      [0.025      0.975]
-----------------------------------------------------------------------------------------------------------------
const                                             1.8991      3.905      0.486      0.627      -5.755       9.554
average_temperature_celsius                      -5.6896      2.817     -2.020      0.043     -11.211      -0.169
comorbidity_mortality_rate                       -1.5269      3.421     -0.446      0.655      -8.231       5.177
average_new_fully_vaccinated_per_day_per_1000   -46.3404     42.316     -1.095      0.273    -129.278      36.597
average_new_vaccinated_per_day_per_1000          39.6902     44.464      0.893      0.372     -47.458     126.839
average_new_tested_per_day_per_1000              -4.9355     16.310     -0.303      0.762     -36.902      27.031
diabetes_prevalence                              -0.5850      3.533     -0.166      0.869      -7.511       6.341
gdp_per_capita_usd                             -103.6239     41.975     -2.469      0.014    -185.893     -21.355
gdp_usd                                         -46.3401     68.376     -0.678      0.498    -180.355      87.675
human_capital_index                               0.8563      3.000      0.285      0.775      -5.024       6.737
latitude                                          5.2132      2.988      1.745      0.081      -0.643      11.069
population_density                               78.8927     67.812      1.163      0.245     -54.016     211.801
smoking_prevalence                                2.0572      2.541      0.810      0.418      -2.923       7.038
total_cases_divided_by_population                14.1875      7.868      1.803      0.071      -1.233      29.608
total_deaths_divided_by_population                4.5986      3.870      1.188      0.235      -2.987      12.184
population                                      -21.2127     43.347     -0.489      0.625    -106.170      63.745
-----------------------------------------------------------------------------------------------------------------
                                     labels=2       coef    std err          z      P>|z|      [0.025      0.975]
-----------------------------------------------------------------------------------------------------------------
const                                             3.6830      5.045      0.730      0.465      -6.206      13.572
average_temperature_celsius                       4.1572      6.730      0.618      0.537      -9.034      17.348
comorbidity_mortality_rate                       -6.3856      3.733     -1.711      0.087     -13.702       0.931
average_new_fully_vaccinated_per_day_per_1000   -94.1439     36.128     -2.606      0.009    -164.953     -23.335
average_new_vaccinated_per_day_per_1000          75.1779     31.105      2.417      0.016      14.214     136.142
average_new_tested_per_day_per_1000              24.8955     53.817      0.463      0.644     -80.584     130.375
diabetes_prevalence                              -2.9784      4.121     -0.723      0.470     -11.055       5.098
gdp_per_capita_usd                             -160.3167     95.141     -1.685      0.092    -346.790      26.157
gdp_usd                                          21.8163     50.998      0.428      0.669     -78.137     121.770
human_capital_index                              -0.6872      4.325     -0.159      0.874      -9.165       7.790
latitude                                         -3.1955      4.778     -0.669      0.504     -12.560       6.169
population_density                               69.4147     68.057      1.020      0.308     -63.975     202.805
smoking_prevalence                                7.4884      3.569      2.098      0.036       0.493      14.483
total_cases_divided_by_population                -9.8766     20.450     -0.483      0.629     -49.958      30.205
total_deaths_divided_by_population                6.8788      5.898      1.166      0.244      -4.682      18.440
population                                       -8.4644     29.513     -0.287      0.774     -66.309      49.380
-----------------------------------------------------------------------------------------------------------------
                                     labels=3       coef    std err          z      P>|z|      [0.025      0.975]
-----------------------------------------------------------------------------------------------------------------
const                                             1.1599      3.031      0.383      0.702      -4.781       7.101
average_temperature_celsius                       0.9808      2.515      0.390      0.697      -3.948       5.909
comorbidity_mortality_rate                       -0.4323      2.138     -0.202      0.840      -4.623       3.758
average_new_fully_vaccinated_per_day_per_1000    -6.3162      9.743     -0.648      0.517     -25.413      12.781
average_new_vaccinated_per_day_per_1000           0.7865     11.051      0.071      0.943     -20.873      22.446
average_new_tested_per_day_per_1000              -4.4257     12.753     -0.347      0.729     -29.422      20.570
diabetes_prevalence                              -0.8320      1.871     -0.445      0.657      -4.500       2.836
gdp_per_capita_usd                               10.4913      7.775      1.349      0.177      -4.747      25.730
gdp_usd                                          -3.2347     10.023     -0.323      0.747     -22.879      16.409
human_capital_index                               1.1256      2.036      0.553      0.580      -2.864       5.115
latitude                                         -3.4116      2.210     -1.543      0.123      -7.744       0.921
population_density                              -18.5121     33.393     -0.554      0.579     -83.960      46.936
smoking_prevalence                               -0.2416      1.866     -0.129      0.897      -3.899       3.415
total_cases_divided_by_population                -5.0128      4.412     -1.136      0.256     -13.660       3.634
total_deaths_divided_by_population                2.4486      3.102      0.789      0.430      -3.631       8.529
population                                        6.6305      8.342      0.795      0.427      -9.720      22.981
-----------------------------------------------------------------------------------------------------------------
                                     labels=4       coef    std err          z      P>|z|      [0.025      0.975]
-----------------------------------------------------------------------------------------------------------------
const                                            -4.6464      5.009     -0.928      0.354     -14.463       5.170
average_temperature_celsius                       1.4663      3.479      0.421      0.673      -5.353       8.285
comorbidity_mortality_rate                       -1.9148      2.959     -0.647      0.518      -7.715       3.885
average_new_fully_vaccinated_per_day_per_1000   -10.4764     21.312     -0.492      0.623     -52.248      31.295
average_new_vaccinated_per_day_per_1000          12.5734     22.506      0.559      0.576     -31.538      56.685
average_new_tested_per_day_per_1000               7.5726      8.460      0.895      0.371      -9.009      24.154
diabetes_prevalence                              -1.3531      2.880     -0.470      0.639      -6.998       4.292
gdp_per_capita_usd                                0.8709      6.913      0.126      0.900     -12.679      14.421
gdp_usd                                           3.2865      9.038      0.364      0.716     -14.428      21.001
human_capital_index                               3.8575      2.381      1.620      0.105      -0.809       8.524
latitude                                          3.6741      3.278      1.121      0.262      -2.750      10.099
population_density                              -22.9118     13.253     -1.729      0.084     -48.888       3.064
smoking_prevalence                               -1.1121      2.451     -0.454      0.650      -5.915       3.691
total_cases_divided_by_population                 2.3022      3.416      0.674      0.500      -4.393       8.997
total_deaths_divided_by_population               -1.8914      4.244     -0.446      0.656     -10.209       6.426
population                                       -2.5948     21.123     -0.123      0.902     -43.996      38.806
-----------------------------------------------------------------------------------------------------------------
                                     labels=5       coef    std err          z      P>|z|      [0.025      0.975]
-----------------------------------------------------------------------------------------------------------------
const                                             6.6740      3.172      2.104      0.035       0.457      12.891
average_temperature_celsius                      -4.8290      2.359     -2.047      0.041      -9.453      -0.205
comorbidity_mortality_rate                        0.0957      2.181      0.044      0.965      -4.180       4.371
average_new_fully_vaccinated_per_day_per_1000    -7.0723      5.466     -1.294      0.196     -17.786       3.642
average_new_vaccinated_per_day_per_1000           6.3401      5.793      1.094      0.274      -5.013      17.694
average_new_tested_per_day_per_1000             -14.5903     12.050     -1.211      0.226     -38.208       9.027
diabetes_prevalence                              -3.1804      1.847     -1.722      0.085      -6.801       0.440
gdp_per_capita_usd                                3.2420      7.678      0.422      0.673     -11.806      18.290
gdp_usd                                          -2.9032     10.825     -0.268      0.789     -24.119      18.313
human_capital_index                              -0.6408      1.992     -0.322      0.748      -4.546       3.264
latitude                                         -1.1133      2.138     -0.521      0.603      -5.304       3.077
population_density                               -1.6824      8.229     -0.204      0.838     -17.810      14.445
smoking_prevalence                               -2.3207      1.931     -1.202      0.229      -6.105       1.463
total_cases_divided_by_population                 4.0894      3.393      1.205      0.228      -2.561      10.739
total_deaths_divided_by_population              -12.6496      4.762     -2.657      0.008     -21.982      -3.317
population                                        4.7196      8.529      0.553      0.580     -11.997      21.437
=================================================================================================================
                                         Results: MNLogit
==================================================================================================
Model:                         MNLogit                     Pseudo R-squared:            0.502     
Dependent Variable:            labels                      AIC:                         382.7322  
Date:                          2022-11-24 21:54            BIC:                         610.2672  
No. Observations:              127                         Log-Likelihood:              -111.37   
Df Model:                      75                          LL-Null:                     -223.66   
Df Residuals:                  47                          LLR p-value:                 7.6808e-17
Converged:                     1.0000                      Scale:                       1.0000    
No. Iterations:                13.0000                                                            
--------------------------------------------------------------------------------------------------
                  labels = 0                    Coef.   Std.Err.    t    P>|t|    [0.025   0.975] 
--------------------------------------------------------------------------------------------------
                                        const    1.8991   3.9055  0.4863 0.6268   -5.7554   9.5537
                  average_temperature_celsius   -5.6896   2.8169 -2.0198 0.0434  -11.2106  -0.1685
                   comorbidity_mortality_rate   -1.5269   3.4206 -0.4464 0.6553   -8.2311   5.1774
average_new_fully_vaccinated_per_day_per_1000  -46.3404  42.3157 -1.0951 0.2735 -129.2777  36.5969
      average_new_vaccinated_per_day_per_1000   39.6902  44.4642  0.8926 0.3721  -47.4580 126.8385
          average_new_tested_per_day_per_1000   -4.9355  16.3095 -0.3026 0.7622  -36.9016  27.0306
                          diabetes_prevalence   -0.5850   3.5335 -0.1656 0.8685   -7.5105   6.3405
                           gdp_per_capita_usd -103.6239  41.9749 -2.4687 0.0136 -185.8931 -21.3546
                                      gdp_usd  -46.3401  68.3765 -0.6777 0.4979 -180.3555  87.6753
                          human_capital_index    0.8563   3.0004  0.2854 0.7753   -5.0244   6.7370
                                     latitude    5.2132   2.9877  1.7449 0.0810   -0.6427  11.0691
                           population_density   78.8927  67.8116  1.1634 0.2447  -54.0156 211.8010
                           smoking_prevalence    2.0572   2.5410  0.8096 0.4182   -2.9232   7.0375
            total_cases_divided_by_population   14.1875   7.8677  1.8033 0.0713   -1.2328  29.6079
           total_deaths_divided_by_population    4.5986   3.8704  1.1882 0.2348   -2.9872  12.1844
                                   population  -21.2127  43.3466 -0.4894 0.6246 -106.1705  63.7452
--------------------------------------------------------------------------------------------------
                  labels = 1                    Coef.   Std.Err.    t    P>|t|    [0.025   0.975] 
--------------------------------------------------------------------------------------------------
                                        const    3.6830   5.0455  0.7300 0.4654   -6.2060  13.5719
                  average_temperature_celsius    4.1572   6.7302  0.6177 0.5368   -9.0339  17.3482
                   comorbidity_mortality_rate   -6.3856   3.7328 -1.7107 0.0871  -13.7018   0.9306
average_new_fully_vaccinated_per_day_per_1000  -94.1439  36.1276 -2.6059 0.0092 -164.9527 -23.3350
      average_new_vaccinated_per_day_per_1000   75.1779  31.1046  2.4169 0.0157   14.2141 136.1417
          average_new_tested_per_day_per_1000   24.8955  53.8171  0.4626 0.6437  -80.5840 130.3750
                          diabetes_prevalence   -2.9784   4.1208 -0.7228 0.4698  -11.0551   5.0982
                           gdp_per_capita_usd -160.3167  95.1413 -1.6850 0.0920 -346.7902  26.1568
                                      gdp_usd   21.8163  50.9976  0.4278 0.6688  -78.1371 121.7698
                          human_capital_index   -0.6872   4.3253 -0.1589 0.8738   -9.1646   7.7903
                                     latitude   -3.1955   4.7778 -0.6688 0.5036  -12.5598   6.1688
                           population_density   69.4147  68.0574  1.0199 0.3078  -63.9754 202.8048
                           smoking_prevalence    7.4884   3.5689  2.0982 0.0359    0.4935  14.4834
            total_cases_divided_by_population   -9.8766  20.4501 -0.4830 0.6291  -49.9580  30.2049
           total_deaths_divided_by_population    6.8788   5.8985  1.1662 0.2435   -4.6820  18.4396
                                   population   -8.4644  29.5132 -0.2868 0.7743  -66.3092  49.3803
--------------------------------------------------------------------------------------------------
                   labels = 2                     Coef.   Std.Err.    t    P>|t|   [0.025   0.975]
--------------------------------------------------------------------------------------------------
                                        const      1.1599   3.0310  0.3827 0.7020  -4.7807  7.1005
                  average_temperature_celsius      0.9808   2.5145  0.3900 0.6965  -3.9476  5.9092
                   comorbidity_mortality_rate     -0.4323   2.1379 -0.2022 0.8397  -4.6226  3.7580
average_new_fully_vaccinated_per_day_per_1000     -6.3162   9.7435 -0.6483 0.5168 -25.4131 12.7806
      average_new_vaccinated_per_day_per_1000      0.7865  11.0512  0.0712 0.9433 -20.8734 22.4463
          average_new_tested_per_day_per_1000     -4.4257  12.7532 -0.3470 0.7286 -29.4215 20.5702
                          diabetes_prevalence     -0.8320   1.8713 -0.4446 0.6566  -4.4996  2.8356
                           gdp_per_capita_usd     10.4913   7.7748  1.3494 0.1772  -4.7471 25.7296
                                      gdp_usd     -3.2347  10.0226 -0.3227 0.7469 -22.8786 16.4093
                          human_capital_index      1.1256   2.0356  0.5530 0.5803  -2.8641  5.1153
                                     latitude     -3.4116   2.2104 -1.5434 0.1227  -7.7440  0.9208
                           population_density    -18.5121  33.3926 -0.5544 0.5793 -83.9603 46.9362
                           smoking_prevalence     -0.2416   1.8659 -0.1295 0.8970  -3.8987  3.4155
            total_cases_divided_by_population     -5.0128   4.4117 -1.1363 0.2559 -13.6596  3.6340
           total_deaths_divided_by_population      2.4486   3.1022  0.7893 0.4299  -3.6315  8.5287
                                   population      6.6305   8.3424  0.7948 0.4267  -9.7203 22.9812
--------------------------------------------------------------------------------------------------
                   labels = 3                     Coef.   Std.Err.    t    P>|t|   [0.025   0.975]
--------------------------------------------------------------------------------------------------
                                        const     -4.6464   5.0086 -0.9277 0.3536 -14.4631  5.1704
                  average_temperature_celsius      1.4663   3.4790  0.4215 0.6734  -5.3525  8.2850
                   comorbidity_mortality_rate     -1.9148   2.9591 -0.6471 0.5176  -7.7145  3.8849
average_new_fully_vaccinated_per_day_per_1000    -10.4764  21.3124 -0.4916 0.6230 -52.2479 31.2951
      average_new_vaccinated_per_day_per_1000     12.5734  22.5062  0.5587 0.5764 -31.5380 56.6848
          average_new_tested_per_day_per_1000      7.5726   8.4600  0.8951 0.3707  -9.0087 24.1539
                          diabetes_prevalence     -1.3531   2.8804 -0.4698 0.6385  -6.9985  4.2923
                           gdp_per_capita_usd      0.8709   6.9133  0.1260 0.8998 -12.6790 14.4208
                                      gdp_usd      3.2865   9.0383  0.3636 0.7161 -14.4283 21.0013
                          human_capital_index      3.8575   2.3809  1.6202 0.1052  -0.8090  8.5240
                                     latitude      3.6741   3.2778  1.1209 0.2623  -2.7503 10.0986
                           population_density    -22.9118  13.2533 -1.7288 0.0839 -48.8878  3.0642
                           smoking_prevalence     -1.1121   2.4506 -0.4538 0.6500  -5.9153  3.6911
            total_cases_divided_by_population      2.3022   3.4161  0.6739 0.5004  -4.3932  8.9975
           total_deaths_divided_by_population     -1.8914   4.2438 -0.4457 0.6558 -10.2091  6.4264
                                   population     -2.5948  21.1234 -0.1228 0.9022 -43.9959 38.8063
--------------------------------------------------------------------------------------------------
                   labels = 4                     Coef.   Std.Err.    t    P>|t|   [0.025   0.975]
--------------------------------------------------------------------------------------------------
                                        const      6.6740   3.1720  2.1040 0.0354   0.4569 12.8911
                  average_temperature_celsius     -4.8290   2.3594 -2.0468 0.0407  -9.4533 -0.2048
                   comorbidity_mortality_rate      0.0957   2.1815  0.0439 0.9650  -4.1799  4.3712
average_new_fully_vaccinated_per_day_per_1000     -7.0723   5.4664 -1.2938 0.1957 -17.7863  3.6416
      average_new_vaccinated_per_day_per_1000      6.3401   5.7927  1.0945 0.2737  -5.0134 17.6936
          average_new_tested_per_day_per_1000    -14.5903  12.0500 -1.2108 0.2260 -38.2079  9.0274
                          diabetes_prevalence     -3.1804   1.8472 -1.7218 0.0851  -6.8008  0.4400
                           gdp_per_capita_usd      3.2420   7.6777  0.4223 0.6728 -11.8061 18.2900
                                      gdp_usd     -2.9032  10.8246 -0.2682 0.7885 -24.1191 18.3127
                          human_capital_index     -0.6408   1.9923 -0.3216 0.7477  -4.5455  3.2640
                                     latitude     -1.1133   2.1379 -0.5207 0.6025  -5.3036  3.0770
                           population_density     -1.6824   8.2286 -0.2045 0.8380 -17.8103 14.4454
                           smoking_prevalence     -2.3207   1.9307 -1.2020 0.2294  -6.1048  1.4633
            total_cases_divided_by_population      4.0894   3.3930  1.2052 0.2281  -2.5607 10.7395
           total_deaths_divided_by_population    -12.6496   4.7616 -2.6566 0.0079 -21.9821 -3.3172
                                   population      4.7196   8.5293  0.5533 0.5800 -11.9974 21.4367
==================================================================================================

